111111111111111111111111111111111111111111110000001111111111111111111111111111111111111110000000000000001111111
111111111111111111111111111111111111111111110000001111111111111111111111111111111111111110000000000001111111111
111111111111111111111111110000000000000000111100000000000000000000111111111111111111111111100000000000000000000
000000111111111111000000000000000000000000000000000000000000000000001111111111111111110000000000000000000000000
000000011111110000000000000000000000300000000000011111110000000000000011111111110000000000000000000000000000000
000000000011111000000000000000000000111111100000000000000000000000000000000011100000000000000000000000000000000
000000000000000000000000000000000000000000000000000000000000000000000000000000000300000000000000000000000000000
000000000000000000000000000000000000000000000000000000000000000000000000000000000000000111111100000000000000000
000000000000000000000000000030000000000000000000011111000000000000000000000000000111111111111111111111111111100
000030000000000000000000000000000000000000000000000000000001111110000000000000000000111111111111111111111111111
001111100000000000000000000000000000000000000000000011111111111111111000000011111111111111111111111111111111111
000000000000003000000000000000000000000003000000111111111111111111111111111111111111111111111111111111111111111
000000000000111110000000000000000000000000011111111111111111111111111111111111111111111111111111111111111111111
000000000000000000000000002000000000111111111111111111111111111111111111111111111111111111111111111111111111111
000300030000000300000000011111111111111111111111111111111111111111111111111111111111111111111111111111111111111
000000000000000000000000011111111111111111111111111111111111111111111111111111111111111111111111111111111111111
111111111111111111111111111111111111111111111111111111111111111111111111111111111111111111111111111111111111111
111111111111111111111111111111111111111111111111111111111111111111111111111111111111111111111111111111111111111
111111111111111111111111111111111111111111111111111111111111111111111111111111111111111111111111111111111111111
111111111111111111111111111111111111111111111111111111111111111111111111111111111111111111111111111111111111111